k=10 N=10000 con soglia 0
  Threads Speedups     se     n  llim  ulim
    <int>    <dbl>  <dbl> <int> <dbl> <dbl>
1       1    0.974 0.0523    10 0.936 1.01 
2       2    1.76  0.209     10 1.61  1.90 
3       4    2.21  0.447     10 1.89  2.53 
4       8    2.65  0.573     10 2.24  3.06 
5      16    2.69  0.405     10 2.40  2.98 
6      32    2.47  0.157     10 2.36  2.59 
7      64    1.92  0.229     10 1.76  2.08 
8     128    1.36  0.172     10 1.24  1.49 
9     256    0.768 0.0954    10 0.700 0.836

k=10 N=100000
  Threads Speedups     se     n  llim  ulim
    <int>    <dbl>  <dbl> <int> <dbl> <dbl>
1       1     1.00 0.0519    10 0.964  1.04
2       2     1.44 0.127     10 1.35   1.53
3       4     2.07 0.127     10 1.98   2.16
4       8     3.38 0.155     10 3.27   3.49
5      16     3.30 0.138     10 3.21   3.40
6      32     3.24 0.157     10 3.12   3.35
7      64     3.29 0.275     10 3.09   3.48
8     128     2.96 0.141     10 2.86   3.06
9     256     2.59 0.157     10 2.47   2.70

k=10 N=1000000
  Threads Speedups     se     n  llim  ulim
    <int>    <dbl>  <dbl> <int> <dbl> <dbl>
1       1    0.994 0.0162    10 0.982  1.01
2       2    1.70  0.0487    10 1.66   1.73
3       4    2.49  0.0373    10 2.47   2.52
4       8    3.00  0.0842    10 2.94   3.06
5      16    2.92  0.0721    10 2.87   2.98
6      32    2.96  0.0735    10 2.91   3.01
7      64    3.00  0.115     10 2.92   3.09
8     128    3.04  0.316     10 2.82   3.27
9     256    3.25  0.716     10 2.74   3.77

k=20 N=10000
  Threads Speedups     se     n  llim  ulim
    <int>    <dbl>  <dbl> <int> <dbl> <dbl>
1       1     1.01 0.0420    10 0.977  1.04
2       2     1.84 0.252     10 1.66   2.02
3       4     2.70 0.614     10 2.26   3.14
4       8     3.01 0.492     10 2.66   3.36
5      16     2.55 0.269     10 2.36   2.74
6      32     2.63 0.282     10 2.43   2.83
7      64     2.18 0.357     10 1.92   2.43
8     128     1.64 0.259     10 1.45   1.82
9     256     1.22 0.0874    10 1.15   1.28

k=20 N=100000
  Threads Speedups     se     n  llim  ulim
    <int>    <dbl>  <dbl> <int> <dbl> <dbl>
1       1     1.00 0.0747    10 0.951  1.06
2       2     1.73 0.0717    10 1.68   1.78
3       4     2.57 0.0928    10 2.50   2.64
4       8     3.18 0.170     10 3.06   3.30
5      16     3.58 0.930     10 2.92   4.25
6      32     3.02 0.0897    10 2.95   3.08
7      64     3.03 0.100     10 2.96   3.10
8     128     2.87 0.115     10 2.79   2.96
9     256     2.63 0.0470    10 2.60   2.66

k=20 N=1000000
  Threads Speedups      se     n  llim  ulim
    <int>    <dbl>   <dbl> <int> <dbl> <dbl>
1       1    0.982 0.0489     10 0.947  1.02
2       2    1.71  0.0487     10 1.68   1.75
3       4    2.52  0.0240     10 2.50   2.54
4       8    2.95  0.0149     10 2.94   2.96
5      16    2.89  0.0239     10 2.87   2.90
6      32    2.90  0.0385     10 2.87   2.93
7      64    2.92  0.0190     10 2.90   2.93
8     128    2.91  0.0214     10 2.90   2.93
9     256    2.88  0.00978    10 2.87   2.89

k=40 N=10000
  Threads Speedups     se     n  llim  ulim
    <int>    <dbl>  <dbl> <int> <dbl> <dbl>
1       1     1.01 0.0687    10 0.963  1.06
2       2     1.70 0.0997    10 1.62   1.77
3       4     2.08 0.433     10 1.77   2.39
4       8     3.33 0.126     10 3.24   3.42
5      16     3.37 0.263     10 3.18   3.55
6      32     3.09 0.318     10 2.87   3.32
7      64     2.97 0.287     10 2.77   3.18
8     128     2.41 0.190     10 2.28   2.55
9     256     1.85 0.0815    10 1.79   1.91

k=40 N=100000
  Threads Speedups     se     n  llim  ulim
    <int>    <dbl>  <dbl> <int> <dbl> <dbl>
1       1     1.00 0.0187    10 0.991  1.02
2       2     1.73 0.0737    10 1.68   1.78
3       4     2.58 0.0905    10 2.52   2.65
4       8     2.98 0.0725    10 2.93   3.04
5      16     2.90 0.0249    10 2.88   2.92
6      32     2.94 0.0299    10 2.92   2.96
7      64     2.93 0.0544    10 2.89   2.97
8     128     2.88 0.0380    10 2.85   2.91
9     256     2.77 0.0359    10 2.74   2.79

k=40 N=1000000
  Threads Speedups     se     n  llim  ulim
    <int>    <dbl>  <dbl> <int> <dbl> <dbl>
1       1     1.01 0.0210    10 0.992  1.02
2       2     1.71 0.0157    10 1.70   1.72
3       4     2.54 0.0878    10 2.48   2.61
4       8     2.92 0.0515    10 2.88   2.95
5      16     2.91 0.144     10 2.81   3.02
6      32     2.91 0.0203    10 2.90   2.92
7      64     2.90 0.0253    10 2.88   2.92
8     128     2.90 0.0156    10 2.89   2.91
9     256     2.89 0.0126    10 2.88   2.90

